1011100000000000000000000000000000001010000000000000000000000000
1011100100000000000000000000000000000010000000000000000000000000
1011101000000000000000000000000000000000000000000000000000000000
1011101100000000000000000000000000000001000000000000000000000000
1011110011111111111111111111111111111111000000000000000000000000
0000000000100000000000000000000000000000000000000000000000000000
0000000010000000000000000000000000000000000000000000000000000000
0000100100000000000000000000000000000011000000000000000000000000
0000100111111111111111111111111111111111000000000000000000000000
0001000000100000000000000000000000000000000000000000000000000000
0001100000000000000000000000000000000111000000000000000000000000
0010100000000000000000000000000000000000000000000000000000000000
0010100000000000000000000000000000000000000000000000000000000000
0010110000000000000000000000000000000000000000000000000000000000
0011001100000000000000000000000000000000000000000000000000000000
0010000100000000000000000000000000000000000000000000000000000000
0011100101000000000000000000000000000000000000000000000000000000
0011100100000000000000000000000000000000000000000000000000000000
0101000100000000000000000000000000000000000000000000000000000000
0101100000000000000000000000000000001001000000000000000000000000
0100000000100000000000000000000000000000000000000000000000000000
0100100100000000000000000000000000001111000000000000000000000000
0110000000100000000000000000000000000000000000000000000000000000
0110101100000000000000000000000000001110000000000000000000000000
0111001100000000000000000000000000000000000000000000000000000000
1000000000000000000000000000000000000000000000000000000000000000
0111100000000000000000000000000000000000000000000000000000000000
1000101100000000000000000000000000000000000000000000000000000000
1000100001100000000000000000000000000000000000000000000000000000
1000110001000000000000000000000000000000000000000000000000000000
1010001100000000000000000000000000000000000000000000000000000000
1010000001100000000000000000000000000000000000000000000000000000
1010010001000000000000000000000000000000000000000000000000000000
1001000001100000000000000000000000000000000000000000000000000000
1001001100000000000000000000000000000000000000000000000000000000
1001010001000000000000000000000000000000000000000000000000000000
1010100001100000000000000000000000000000000000000000000000000000
1010101100000000000000000000000000000000000000000000000000000000
1010110001000000000000000000000000000000000000000000000000000000
1001100001100000000000000000000000000000000000000000000000000000
1001110001000000000000000000000000000000000000000000000000000000
1001101100000000000000000000000000000000000000000000000000000000
1011001001100000000000000000000000000000000000000000000000000000
1100000001100000000000000000000000000000000000000000000000000000
0000000000000000000000000000000000000000000000000000000000000000
0000000000000000000000000000000000000000000000000000000000000000
0000000000000000000000000000000000000000000000000000000000000000
0000000000000000000000000000000000000000000000000000000000000000
1110001000000000000000000000000000000000000000000000000000000000
1001101001100000000000000000000000000000000000000000000000000000
1101100001110010000000000000000000000000000000000000000000000000
1001101010000000000000000000000000000000000000000000000000000000
1101100001110010000000000000000000000000000000000000000000000000
0000000000000000000000000000000000000000000000000000000000000000
0000000000000000000000000000000000000000000000000000000000000000
0000000000000000000000000000000000000000000000000000000000000000
0000000000000000000000000000000000000000000000000000000000000000
1100100010000100000000000000000000000000000000000000000000000000
1110100000000000000000000000000000000000000000000000000000000000
0000000000000000000000000000000000000000000000000000000000000000
0000000000000000000000000000000000000000000000000000000000000000
0000000000000000000000000000000000000000000000000000000000000000
0000000000000000000000000000000000000000000000000000000000000000
0000000000000000000000000000000000000000000000000000000000000000
0000000000000000000000000000000000000000000000000000000000000000
0000000000000000000000000000000000000000000000000000000000000000
1111100110001010000000000000000000000000000000000000000000000000
1111010010001010000000000000000000000000000000000000000000000000
1101000000000000000000000000000000000000000000000000000000000000
0000000000000000000000000000000000000000000000000000000000000000
0000000000000000000000000000000000000000000000000000000000000000
0000000000000000000000000000000000000000000000000000000000000000
0000000000000000000000000000000000000000000000000000000000000000
0000000000000000000000000000000000000000000000000000000000000000
0000000000000000000000000000000000000000000000000000000000000000
0000000000000000000000000000000000000000000000000000000000000000
0000000000000000000000000000000000000000000000000000000000000000
0000000000000000000000000000000000000000000000000000000000000000
0000000000000000000000000000000000000000000000000000000000000000
0000000000000000000000000000000000000000000000000000000000000000
0000000000000000000000000000000000000000000000000000000000000000
0000000000000000000000000000000000000000000000000000000000000000
0000000000000000000000000000000000000000000000000000000000000000
0000000000000000000000000000000000000000000000000000000000000000
0000000000000000000000000000000000000000000000000000000000000000
0000000000000000000000000000000000000000000000000000000000000000
0000000000000000000000000000000000000000000000000000000000000000
0000000000000000000000000000000000000000000000000000000000000000
0000000000000000000000000000000000000000000000000000000000000000
0000000000000000000000000000000000000000000000000000000000000000
0000000000000000000000000000000000000000000000000000000000000000
0000000000000000000000000000000000000000000000000000000000000000
0000000000000000000000000000000000000000000000000000000000000000
0000000000000000000000000000000000000000000000000000000000000000
0000000000000000000000000000000000000000000000000000000000000000
0000000000000000000000000000000000000000000000000000000000000000
0000000000000000000000000000000000000000000000000000000000000000
0000000000000000000000000000000000000000000000000000000000000000
0000000000000000000000000000000000000000000000000000000000000000
0000000000000000000000000000000000000000000000000000000000000000
0000000000000000000000000000000000000000000000000000000000000000
0000000000000000000000000000000000000000000000000000000000000000
0000000000000000000000000000000000000000000000000000000000000000
0000000000000000000000000000000000000000000000000000000000000000
0000000000000000000000000000000000000000000000000000000000000000
0000000000000000000000000000000000000000000000000000000000000000
0000000000000000000000000000000000000000000000000000000000000000
0000000000000000000000000000000000000000000000000000000000000000
0000000000000000000000000000000000000000000000000000000000000000
0000000000000000000000000000000000000000000000000000000000000000
0000000000000000000000000000000000000000000000000000000000000000
0000000000000000000000000000000000000000000000000000000000000000
0000000000000000000000000000000000000000000000000000000000000000
0000000000000000000000000000000000000000000000000000000000000000
0000000000000000000000000000000000000000000000000000000000000000
0000000000000000000000000000000000000000000000000000000000000000
0000000000000000000000000000000000000000000000000000000000000000
0000000000000000000000000000000000000000000000000000000000000000
0000000000000000000000000000000000000000000000000000000000000000
0000000000000000000000000000000000000000000000000000000000000000
0000000000000000000000000000000000000000000000000000000000000000
0000000000000000000000000000000000000000000000000000000000000000
0000000000000000000000000000000000000000000000000000000000000000
0000000000000000000000000000000000000000000000000000000000000000
0000000000000000000000000000000000000000000000000000000000000000
0000000000000000000000000000000000000000000000000000000000000000
0000000000000000000000000000000000000000000000000000000000000000
0000000000000000000000000000000000000000000000000000000000000000